interviewKeyAExclure <- c("59-36-31-34", "06-79-34-97", "26-72-53-00", "49-29-35-86")